
    7203564411959311
2157131312003051
1899821502547335
1137993012864504
6509594208047765
1715776211374817
1451454109457535
1941294509852623
2119414904959236
9168774401624370
2130397112048526
9292684611400609
2184060211987246
1467420812556856
6435274510505381
6371551203171594
9268570307067048
5332070707853100
9206206901844206
7693660209173823
1305350612875902
5301260612624421
6115784206776306
9179434402110163
5395873010111352
1785835408244233
1247864212135574
1947097104399976
5143056612145428
1746977010483586
1730323102496432
9192177111293909
3403295710019792
9256413011991551
8124955201111108
3443763008551646
1502366804926036
5209880706396487
5329454612117169
5366960211500848
7335197101674503
7371620804765396
1965743012187839
6438307111944706
1164173001699545
2104077112474072
9270177010573377
3293895107809163
2169033101497098
3521022402281682
3159857111205475
6402064403375894
2194105306917572
2146986503928093
8212611711084974
1419197106920315
6557413112240850
1555833111573463
3454944502370659
3190337003489367
5145067005624920
3418994910554711
8268896510741900
1433871407386224
2117831412617517
2162706708180111
2173590604568206
1291510401653811
5377180512246933
2119824304106461
1688510201830782
6523224709631724
6192481909627144
9223092512250695
5346703009707439
1586233010930011
2135332310106372
3172003010987065
3584300411980867
1131940710341619
6481171403116610
6274623112192297
2156583107960077
5179155812546897
8175001701426177
5334803110374425
5119764808563513
2111163012795831
1193997003358328
9193614706542480
9210203111378941
1839365603448816
8174144104801404
6566604603953632
3142085009506503
5158034608653677
5345800405842915
6596296410865749
1505460810696075
9205667103033265
