
   3580034200340001
3580034200340002
3580034200340003
3580034200340004
3580034200340005
3580034200340006
3580034200340007
3580034200340008
3580034200340009
3580034200340010
3580034200340011
3580034200340012
3580034200340013
3580034200340014
3580034200340015
3580034200340016
3580034200340017
3580034200340018
3580034200340019
3580034200340020
3580034200340021
3580034200340022
3580034200340023
3580034200340024
3580034200340025
3580034200340026
3580034200340027
3580034200340028
3580034200340029
3580034200340030
3580034200340031
3580034200340032
3580034200340033
3580034200340034
3580034200340035
3580034200340036
3580034200340037
3580034200340038
3580034200340039
3580034200340040
3580034200340041
3580034200340042
3580034200340043
3580034200340044
3580034200340045
3580034200340046
3580034200340047
3580034200340048
3580034200340049
3580034200340050
3580034200340051
3580034200340052
3580034200340053
3580034200340054
3580034200340055
3580034200340056
3580034200340057
3580034200340058
3580034200340059
3580034200340060
3580034200340061
3580034200340062
3580034200340063
3580034200340064
3580034200340065
3580034200340066
3580034200340067
3580034200340068
3580034200340069
3580034200340070
3580034200340071
3580034200340072
3580034200340073
3580034200340074
3580034200340075
3580034200340076
3580034200340077
3580034200340078
3580034200340079
3580034200340080
3580034200340081
3580034200340082
3580034200340083
3580034200340084
3580034200340085
3580034200340086
3580034200340087
3580034200340088
3580034200340089
3580034200340090
3580034200340091
3580034200340092
3580034200340093
3580034200340094
3580034200340095
3580034200340096
3580034200340097
3580034200340098
3580034200340099
3580034200340100
